4546
16003
47140
16552
10364
63911
44610
20731
37194
6748
35898
3970
46503
5133
8615
20013
23439
8327
2112
64864
28622
2114
41743
16914
23090
59985
26466
9092
2005
47545
52656
53115
13141
30660
33410
40652
44986
49267
13811
50435
12169
32583
59922
13371
29733
34971
58048
55763
15178
19296
59415
5352
47562
62142
2003
33675
14966
53257
43751
14849
10810
885
55460
14650
26842
57030
35772
23547
13836
44227
5894
28549
51601
37437
29588
25713
14182
28219
37915
64934
25581
57938
41736
51484
27319
56817
5454
21038
59184
24589
7768
18001
21962
33483
15067
275
16747
3938
47566
42047
62151
44921
40549
21328
33118
63489
59474
1937
21622
30641
57227
36303
18074
43554
52172
18426
32903
36673
40773
31833
9628
64409
2333
38105
23295
23097
37118
24439
17895
10383
45649
36915
42641
49059
22574
55062
43068
40342
28846
6375
37904
42035
29087
60
25835
23638
3666
1240
54245
7033
61595
37158
16722
14059
31532
55236
51169
60969
23571
10677
63649
29904
13771
19273
19316
56484
29405
32531
47298
14339
45395
63942
7726
46363
7103
30886
46756
47156
58144
35400
45369
8321
23641
32146
33747
1610
8404
15209
10806
64520
21350
28537
14621
24432
1454
5446
24392
40129
28640
11411
35208
62469
16832
63259
7569
54734
41058
20429
9932
36490
46988
58780
12649
48684
26604
48382
55978
39342
5254
56252
64500
51348
58950
45676
48810
61431
58672
26876
60926
59644
57817
1925
16748
60932
60182
28856
59165
42916
4343
64137
23839
9901
2893
64695
42820
15517
58010
31593
63790
38664
4363
41922
30423
1881
43707
32478
4727
22664
16703
18105
47181
9343
4483
25043
27791
58676
64774
59889
15031
32036
61062
21448
4329
24764
41799
43698
29787
62453
38078
13195
24070
12269
16895
41270
14556
11816
14945
37677
34925
17286
33559
20215
47091
17695
45776
14578
12456
20999
56550
22669
35531
34382
47205
31206
7236
23585
38130
35104
63180
16670
6331
14025
39623
40169
47390
10796
51718
28818
25139
64222
1369
16312
36256
33647
2574
17526
1065
45484
60812
39919
8658
10769
50191
52847
11685
45073
32972
24751
61121
2737
35577
1472
32755
37262
14938
22095
54977
64140
10905
58511
13461
23149
6638
23620
51924
36720
31625
36198
64150
46531
22213
39392
53254
61334
16963
5336
39372
59254
11282
46878
12086
33902
34898
22903
28128
3793
1423
5165
23938
6171
39907
36697
51634
19709
7860
3788
25407
64061
2161
40882
64517
63753
14166
31924
20772
16523
32797
945
15707
55699
11051
17352
20641
24325
2905
13354
14169
55888
18434
42851
45310
40246
58979
33644
52982
38387
15507
10945
18474
11766
42642
42047
57024
44580
41478
29509
39870
49165
24769
19746
48060
41568
33612
9500
37664
2882
12140
26258
56773
15786
29093
28140
60723
16684
54175
44767
62783
12264
47390
17187
54863
56687
6464
62997
15124
53183
20102
61776
62948
30096
26463
51439
50762
32775
29052
22134
42264
19985
45834
27075
41044
58955
40894
52410
61928
43485
51329
58871
33696
34144
51444
6741
46238
38532
14144
25988
54339
30445
30821
20016
53523
28612
12104
8270
62104
20669
59395
11218
43322
951
4122
42526
32518
22543
14596
22851
24778
42214
52876
24458
19202
40936
53521
58351
7771
14114
62784
12143
48818
36505
58532
13538
61581
60092
3699
48166
61141
37984
25321
23601
43148
18338
38114
20101
62961
8644
41285
26877
19232
54175
12127
3248
14059
14940
61267
27860
48726
63466
20265
13823
49258
47553
14844
36297
8114
49418
52
31297
50693
18084
17709
47095
28149
2217
2851
57113
9963
695
11753
25531
39233
63433
64982
45293
18055
41873
12866
37968
58915
25719
42729
46912
41767
51410
7829
51307
50861
5407
32649
7118
29300
13720
36206
45958
50277
24946
43644
42075
60396
8087
7906
37774
46572
20016
20508
58147
27343
53661
11879
56015
8769
1919
30933
31209
34341
45178
4023
11911
27901
56100
43316
7256
53762
19096
59934
38048
56662
29158
16128
53741
14706
30385
8539
36789
60076
27371
3660
6077
31253
63146
58497
34646
17241
59075
30161
16641
60808
22584
1714
40527
3635
9365
8924
24489
13037
58593
6086
55587
18965
37144
27353
516
34408
51530
35012
26593
48942
45438
27371
48258
19159
27589
57842
18598
48897
53145
48051
53496
43426
13619
21908
49931
58054
22446
25270
47779
19947
3324
29716
31506
20315
32028
60374
47214
59516
8949
56052
28939
45712
46789
27449
26032
11138
1029
53231
31367
51050
41921
40080
9560
63630
59337
44394
56474
26193
28732
30339
17431
6163
59314
7947
15853
41505
61121
14785
15833
37190
13046
29127
11258
48867
13752
55822
4230
39347
2778
27981
55895
38732
53012
31506
55218
33435
28117
47771
22608
54496
16655
37368
5466
40604
44893
12110
23090
21378
26792
59116
14232
58951
12156
8822
37051
63044
18176
1653
45191
53374
19257
12089
8372
39085
11114
7467
17473
56587
3654
27732
60407
44786
61372
50076
26617
3297
32145
41898
27222
3064
40663
2273
9666
39409
47578
37899
64635
57201
35454
12815
50289
36888
46507
39858
22990
28901
51658
32453
17436
17231
51493
63886
14324
41687
53749
31329
1928
24184
22109
50656
26616
56897
5322
55008
15140
56880
15307
6946
21545
29979
55260
28236
11066
45202
59219
51353
54663
7738
7418
10203
42365
2622
27845
20166
63824
47184
61374
36191
25755
18146
25109
773
28946
35503
63676
27011
55353
32037
33050
61046
37027
32961
20407
27750
16827
43005
62395
71
13988
26722
26451
42957
53785
28693
52431
1587
53488
42127
62235
28874
24646
17244
4893
33242
52427
1627
28439
63880
60944
63779
46663
9913
63669
11217
26507
52393
35598
19988
58177
24709
30077
27360
58033
38085
2458
29513
48292
39596
353
64569
48492
22919
39692
30536
55815
48713
17581
32464
25444
4246
42452
12286
31304
47869
1212
63805
54703
39791
13372
12356
24700
59116
17107
50465
21569
6398
21020
51571
9740
39368
23443
55124
63699
60112
37293
18298
6154
24435
46566
54356
54648
13888
2133
47584
48745
54839
1936
24952
23995
40638
26751
26032
4056
51636
24860
55712
59334
61403
23003
5433
32432
46230
14212
21560
33949
56560
24088
3326
40811
47130
10685
32127
49126
56780
40261
54274
15088
41071
30429
43889
32385
23060
50390
14799
23547
47017
39876
54687
6606
53447
64781
31706
10841
23224
44731
10372
1797
31755
44683
22526
41047
60319
48273
55078
23005
43065
53195
61397
46214
12979
56629
19601
19652
24105
22612
24679
18454
4104
23256
30315
53357
16796
56681
41083
3222
59561
2396
53458
27841
43282
14666
47480
39300
10827
24895
49281
13641
58443
43543
30757
64934
29956
27436
25697
2559
24628
62004
54313
27417
8436
6553
29840
39128
53908
40767
19224
35305
16244
33865
20942
54573
24345
43184
38133
61961
28719
19235
23368
19930
61454
36484
5781
55055
47864
38020
19795
46977
10389
562
11814
22431
33762
32894
63076
49529
26823
52617
55347
56793
43378
43406
7089
29690
531
60831
47944
51024
52165
31499
59916
63736
61672
41235
3494
6607
41055
11088
30044
23211
31574
45893
51038
12675
26575
22777
42488
3020
50636
55987
24080
39918
27422
12187
25123
26074
51229
24092
48437
34986
28626
12264
23028
37382
52463
13159
59568
47641
14065
26546
4418
37347
55423
63186
14642
29744
11821
2311
53185
13020
8833
6810
42982
54224
4472
28694
52814
20081
7364
26658
57520
25352
38514
56517
55046
716
12089
20566
2514
20415
31407
31839
5204
27214
52332
54879
54492
34560
15198
60642
54643
21993
35635
10579
59084
62532
49781
32441
27093
62014
63710
21802
60284
36530
52093
6904
3088
5225
6277
11881
19287
9489
6287
32564
8385
60015
62829
64698
40226
13135
19002
54529
47236
32376
61387
60823
23570
54441
23911
64314
53264
61139
19964
21937
60148
20968
48011
3588
17490
25619
16280
5569
46270
45718
56370
31398
26629
1057
22472
35215
35209
56034
10232
57180
52871
27665
61857
14883
58141
50202
53590
42289
29460
21405
41414
23566
8846
18301
47959
960
21995
9432
41662
3464
62798
30483
52072
15459
19698
22950
40027
15161
40863
30442
16689
46643
37700
47389
64905
45280
46993
32944
58064
17800
52718
59001
42813
10080
59511
29999
22211
39044
37419
17437
45952
30962
22
46684
59391
31527
15735
41836
20344
47804
1468
24696
30103
25867
58551
32153
21552
18267
57277
32234
52979
13221
45853
42824
32354
40190
635
34607
50270
60667
46762
56215
35431
22551
49936
18503
63617
20801
13990
9955
35777
39546
33479
53295
25629
29210
4766
24711
28452
4419
46924
35341
54808
28919
18408
22759
44195
64393
52494
55078
60374
62960
24694
61802
19630
54188
27822
34023
51114
42008
60954
11621
26025
37875
38714
31521
6821
39317
42469
7916
32974
20774
53951
56381
62013
63373
12730
2971
8876
35683
17431
24062
16642
39141
46763
4943
4591
34841
7226
18056
54263
21910
33386
9538
27284
38324
44722
24691
19646
43054
21973
9929
59074
59970
52723
21660
31768
50281
32604
8849
16148
3542
17719
27343
4312
43400
57116
22397
35118
7870
53362
63816
45914
31045
17608
49840
36205
42243
29889
4029
40698
60131
19441
10033
46996
52147
58318
28658
39704
24829
41392
50835
32449
42094
20935
50172
59981
53388
51943
34119
11942
10906
54971
41690
49003
32764
37363
888
38667
34740
36425
60634
39230
10479
42419
28541
46170
43956
1701
27726
31732
42719
47861
16169
53214
21355
15214
34063
57899
45801
61041
64368
1414
18613
51089
25392
12237
46716
27269
5248
12943
30610
41134
64296
64706
48878
34949
56759
22798
50576
7962
7239
44375
37631
60635
3894
30060
58514
25131
40002
50847
3732
5032
40673
62900
30739
38524
11865
30053
213
26097
38784
60833
45209
7693
47265
10092
47112
7556
27710
16936
24775
43512
36909
24228
3811
1535
12682
41920
49351
60183
53506
34971
23764
44846
3145
35144
24114
47890
30095
8965
27624
39224
58537
51764
26346
56178
3453
10393
8125
60820
44873
33270
3148
54857
38906
10184
13621
33442
37119
15094
2689
38793
57570
30640
63644
45119
18288
6227
48800
59675
8034
20190
22254
35780
41068
42270
4496
45202
17226
36578
29328
57311
12803
46411
53769
8430
58860
21821
22923
59333
32291
22235
9100
62369
32577
24442
4248
63348
27594
48377
50469
50021
55261
1828
50994
56382
4601
10446
55067
19091
50619
44927
10381
43880
59812
64233
39282
44747
8999
12002
24262
26607
27083
19797
2708
51679
6304
32596
52036
32033
11139
32936
49109
54704
23570
1930
40137
4037
26257
11771
53859
55
62125
7848
51642
61694
51018
539
14567
18557
28727
1272
28905
56747
36120
6090
31513
53183
51964
29438
59907
17243
7404
48563
27267
51896
25978
54201
12115
39438
29889
30150
35067
52868
21109
14385
26022
53867
39748
55339
28184
36130
7582
13938
9959
2243
36691
10999
60335
40162
5997
31298
60520
43458
12194
17815
23460
61134
12368
7423
50737
14901
6784
50686
57313
53370
8759
18937
35042
36672
54663
13137
32501
9825
60367
25790
8173
32958
62612
57211
63318
31153
2516
2178
43529
35497
62556
63352
48235
34793
45214
25758
34335
20158
55255
44661
42758
17099
19454
24382
6396
25035
19799
6842
56128
62472
20024
18166
7957
13404
13877
32723
4957
2047
53468
307
2923
53808
64145
56435
9828
43058
36388
52326
18045
63836
20124
34463
37362
10662
31069
63281
14961
10517
7815
58833
32128
62647
13505
1352
13646
19655
20699
13113
52720
44300
21651
49360
35266
50659
28049
52397
2571
19419
3107
7053
19934
32489
3582
60682
40749
12090
31434
62961
40825
50465
51813
29661
62214
62566
50651
20523
3483
40396
55010
5687
31917
630
46996
25266
14991
55255
3888
13080
33181
30642
52107
15219
57231
20559
18435
18117
6462
17558
6684
7547
16622
49205
55909
50317
38064
7817
49487
25413
16931
24330
28965
4237
62786
41485
27054
10432
41889
28
29470
47466
53274
14493
55172
17121
40954
26926
45925
8695
39722
50845
9379
46283
26470
62272
39472
17612
26823
61035
28066
31427
59466
36092
23772
11268
24605
53549
39957
24339
11557
37863
39421
25493
4038
21361
49469
1905
60522
30526
18394
50111
64670
44542
38635
20990
45745
32728
9426
34312
64751
13297
62094
295
58433
12344
58480
1777
32946
48037
9096
31171
20553
38876
42662
52845
4260
48099
32989
43118
29880
11152
46823
9546
19956
31061
3769
45995
55732
57599
44822
18788
41864
39344
29057
35352
47587
51864
30957
45982
50416
13600
27973
64423
60490
14588
37681
50103
39053
56360
33402
49320
48752
42207
6302
12127
824
7320
3377
59206
60049
51027
52409
27243
44726
22953
48568
20799
8664
29460
10995
29209
20910
53384
11508
23558
55251
39652
49034
52979
54020
50364
15863
50524
33710
759
50580
17218
43307
9624
58833
43957
28634
42878
61764
56264
4292
3406
15797
26123
54679
11665
3609
30618
64817
60904
27683
22095
53597
41646
48035
19572
25842
25214
21574
35470
9579
59822
12903
4927
61688
18935
47445
39380
38067
18862
64894
12671
44389
64
13520
33605
35369
20398
19371
37930
36501
44711
55990
5026
55802
54465
59487
60007
14508
48436
52110
59947
34670
5644
4174
19586
30900
11809
27410
24106
29829
16448
20027
156
35117
61013
53109
25639
53931
19736
3451
55114
59011
64382
6716
1562
26982
64957
48856
46056
45186
9734
8812
28714
14886
50172
21764
61473
3502
62775
50662
63220
62610
47223
11177
62574
51196
17891
37374
16244
31511
8737
32560
21086
3961
10402
59124
57937
50834
16289
36239
53129
25733
25285
19482
59063
60627
60267
31069
34529
48131
22933
22407
64727
25272
40958
1659
4758
42994
48906
51523
20846
31190
59232
37819
9134
16205
8285
46810
1869
8247
34817
6978
57566
38745
5027
61383
22189
30527
15842
9013
6987
44287
53196
10208
43269
56505
18217
43823
48705
17481
31110
30919
61584
40516
38609
31438
36852
26470
13779
16721
60901
59559
15832
43626
33839
8618
10812
45400
44947
38810
48862
58110
54514
58800
31862
53454
61069
24163
5356
10607
24808
18924
1769
29324
12018
48140
20531
26098
56087
38743
21966
43390
55444
61081
15832
15911
23302
42954
35824
33593
33420
9780
40346
12324
53956
13578
54809
32096
23408
35472
46718
39912
51158
31944
4046
38807
56676
61999
9130
47090
5321
44601
59051
7496
63471
60447
2930
59992
20591
64519
51513
16703
43051
36447
13328
47131
3420
9218
22971
60535
8218
54977
36410
37123
18768
19297
22528
34050
59874
63227
49571
61450
19077
42398
19164
38741
11163
706
34682
6929
44126
42303
46410
61958
50336
3887
48361
22481
44407
8900
61767
22939
38946
25208
17441
48666
4496
14429
1374
13008
35467
12428
5105
24449
23570
37801
9949
31925
52541
50575
45037
50165
23261
10852
31541
45691
21645
23378
39349
7167
57478
2254
56336
11298
7904
21299
46284
17854
15309
14384
58757
14769
40217
51194
51716
61990
15436
23011
44167
14900
33153
54927
25354
15194
5198
22769
42162
51924
9843
47969
39607
24555
64814
16999
40185
48997
43920
41777
18968
39103
13632
20702
30043
10403
17228
21513
56992
41715
31499
12118
53044
41465
15481
40396
42148
53608
13561
62675
61727
13871
14528
1279
9286
53176
61024
18731
40853
4621
46744
41443
63195
64936
38088
63855
51760
48138
51413
57879
44548
3273
37902
36167
46768
7548
9494
17407
49630
53107
16285
15672
28343
30062
49652
3387
24081
26503
37492
45811
22137
5410
41777
34854
53292
13065
30999
4143
51613
7815
63491
39974
60784
52194
28143
33434
2972
49629
8518
51297
4297
27669
44732
52523
60943
35962
22421
24785
16666
6375
2553
59764
61316
25986
10631
32157
2668
47967
11543
42101
26431
46254
7843
37669
19360
59648
54811
7861
3952
45187
13054
32294
39090
21393
16659
8397
53320
52987
43442
20446
2493
16036
50285
14338
33593
11417
39378
42886
18250
7056
4194
18779
9294
22611
27695
10125
54488
59518
57476
33077
57474
12274
2585
14136
40409
43277
42709
18977
48520
11109
41023
38297
51307
26168
32098
26264
39042
4183
31582
59311
14085
57702
30050
22783
58105
42245
32231
32263
2835
51036
2471
3407
34718
16241
44841
1820
36883
33179
53716
50809
2601
62711
43172
17891
52726
46467
21743
26596
26941
44520
22459
20498
9594
42559
55626
33981
11736
26323
22416
32588
17257
28899
48906
51593
59891
14377
55961
14575
1501
60467
56871
46334
47839
2200
1279
3263
37366
33765
57741
25143
45588
29461
37603
18658
14908
57103
29834
52138
5168
63250
46440
54430
16601
13215
39564
3892
62546
49874
1177
13324
41578
41844
47756
8722
38198
56245
25544
22243
38609
18646
63370
6518
7076
10077
55623
50501
60350
32545
64730
16519
39124
1489
40998
37964
15810
5868
6593
14888
32376
46562
34872
4123
63563
44832
49280
21925
15727
44823
941
5438
8741
50836
35975
15154
6298
55002
11385
35958
19372
29469
17074
18455
5904
48959
49261
33318
38600
54506
7941
49842
26133
53396
9541
53962
56411
53095
7576
2872
29301
6633
15999
51341
24457
10168
965
4874
38218
38036
1435
42708
37545
58758
40430
4175
61413
34841
1235
25799
30864
28453
42487
33749
10334
41881
50741
36826
20386
13145
285
26716
36096
27326
54445
20084
34269
36113
56483
6566
50746
52765
24781
44285
18058
12595
10671
59852
16471
23249
11846
62716
37311
26915
10211
4024
50075
33947
53955
20596
39586
3410
45320
16695
13760
35261
34883
62380
11250
53839
27363
54047
17226
22609
3741
386
18092
42057
24445
40902
57609
26992
26963
42261
586
51907
6749
53213
13361
55644
44496
13912
61538
33059
20607
21808
8985
27314
51763
58192
34012
46536
45887
4414
45420
50006
32214
41493
25376
51982
64955
55843
46529
9334
49591
8092
35223
34740
40372
22965
61753
23114
43958
60279
26902
13406
45931
367
58073
61632
5176
22621
20367
30707
64236
26339
53554
903
17772
24799
53831
62905
56831
62277
18689
26130
14969
28391
18351
51001
24335
57176
38369
21092
62220
62209
21245
25772
32990
1836
47302
54933
43636
8614
45781
57983
30333
15770
12807
1261
25914
18882
51450
18002
724
48770
52604
6019
42970
16130
63761
62019
10036
46803
3672
9930
38080
14977
40605
57562
45968
46345
51348
35115
61931
63569
23786
12306
63459
39190
46347
29382
8075
53705
29745
19198
14971
31381
24024
14356
24619
60475
46268
21983
17125
47601
40685
26689
40272
37175
35055
63613
35366
41219
601
11340
173
3861
45761
24062
38728
26347
5719
44776
4444
5489
40110
57330
33276
55066
64201
43022
9952
41989
18225
45748
666
16609
13762
14822
51315
27831
11417
62681
26032
40696
18251
40216
57208
44686
55195
25384
36294
3148
8367
38499
23146
37200
34658
57186
10050
39735
61592
41116
48648
37841
55159
22008
20486
37485
48728
37027
61968
5143
51166
1642
13254
31473
38495
18545
3090
42432
24936
23141
6020
11205
4265
35128
63026
28234
57534
36639
8228
36177
62747
47632
12543
63820
22008
51962
44270
12963
1362
63310
3527
53405
47709
47080
9745
43853
11018
618
